00111100111111101010111111111100011011111010101110101110111000110110010110111101111111111010101111011110111011011111111111010111111111101111111110011111111010111011
00111100011111101010111111111100011011111010101110101110111000110110010110111101111111111010101111011110111011011111111111010111111111101111111110011111111010111011
00111100010111101010111111111100011011111010101110101110111000110110010110111101111111111010101111011110111011011111111111010111111111101111111110011111111010111011
00000000000000000000000000000000000000000000000000000000001000000000000000000000000000000000000000000000010000000000000000000000000000000000000000000000000000000000
00111100010111101010111111111100011011111010101110101110110000110110010110111101111111111010101111011110101011011111111111010111111111101111111110011111111010111011
00111100010111101010111111111100011011111010101110101110110000110110010110111101111111111010101110011110101011011111111111010111111111101111111110011111111010111011
00000000010000001000000000000000000000000000000010001000000000100000000000000000000000000000000010000000000000000010000000010000000000000001000000000000001000000000
00000000010000001000000000000000000000000000000010001000000000100000000000000000000000000000000010000000000000000010000000000000000000000001000000000000001000000000
00000000000000000000000000000000000000000000000000000000000000100000000000000000000000000000000010000000000000000000000000000000000000000000000000000000000000000000
00000000010000001000000000000000000000000000000010001000000000000000000000000000000000000000000000000000000000000010000000000000000000000001000000000000001000000000
00000000010000001000000000000000000000000000000010001000000000000000000000000000000000000000000000000000000000000000000000000000000000000001000000000000001000000000
00000000010000001000000000000000000000000000000010001000000000000000000000000000000000000000000000000000000000000000000000000000000000000000000000000000001000000000
00000000010000000000000000000000000000000000000010001000000000000000000000000000000000000000000000000000000000000000000000000000000000000000000000000000001000000000
00000000010000000000000000000000000000000000000010000000000000000000000000000000000000000000000000000000000000000000000000000000000000000000000000000000001000000000
00000000000000000000000000000000000000000000000010000000000000000000000000000000000000000000000000000000000000000000000000000000000000000000000000000000001000000000
00111100000111100010111111111100011011111010101100100110110000010110010110111101111111111010101100011110101011011101111111000111111111101110111110011111110010111011
00000000000000000000000000000000000000000000000000000000000000000000000000000000000000000000000000000000000000000000100000000000000000000000000000000100000000000000
00111100000111100010111111111100011011111010101100100110110000010110010110111101111111111010101100011110101011011101011111000111111111101110111110011011110010111011
00111100000111100010111111111100011011111010101100100110110000010110010110111101111111111010101100011110101011011101011011000111111111101110111110011011110010111011
00000000000010000000000000000000000000000000000000000000000000000000000000000000000000000000000000000000000000000000000000000000000000000010000000000000000000000000
00111100000101100010111111111100011011111010101100100110110000010110010110111101111111111010101100011110101011011101011011000111111111101100111110011011110010111011
00111100000101100010111111111100011011111010101100100110110000010110010110111101111111111010101100011110101011011101011011000111111111101100111110001011110010111011
00000100000000000000100011000000000010000000100100000100000000000000000000000001001001000000000000010000000000010101001001000100000000000000101010000000100000001001
00000100000000000000100011000000000010000000100100000100000000000000000000000001001001000000000000010000000000010101001001000100000000000000101010000000100000001000
00000100000000000000100011000000000010000000100100000100000000000000000000000000001001000000000000010000000000010101001001000100000000000000101010000000100000001000
00000100000000000000100011000000000010000000100100000100000000000000000000000000001001000000000000010000000000010100001001000100000000000000101010000000100000001000
00000000000000000000000010000000000000000000000000000100000000000000000000000000000001000000000000010000000000010000000000000000000000000000000000000000000000000000
00000000000000000000000000000000000000000000000000000100000000000000000000000000000001000000000000010000000000010000000000000000000000000000000000000000000000000000
00000000000000000000000000000000000000000000000000000000000000000000000000000000000001000000000000010000000000010000000000000000000000000000000000000000000000000000
00000000000000000000000000000000000000000000000000000000000000000000000000000000000001000000000000000000000000010000000000000000000000000000000000000000000000000000
00000100000000000000100001000000000010000000100100000000000000000000000000000000001000000000000000000000000000000100001001000100000000000000101010000000100000001000
00000100000000000000100001000000000000000000100100000000000000000000000000000000001000000000000000000000000000000100001001000100000000000000101010000000100000001000
00000100000000000000100001000000000000000000100100000000000000000000000000000000001000000000000000000000000000000100001001000100000000000000101010000000100000000000
00000100000000000000100001000000000000000000100100000000000000000000000000000000001000000000000000000000000000000100001001000100000000000000001010000000100000000000
00000100000000000000100001000000000000000000100100000000000000000000000000000000001000000000000000000000000000000100001001000100000000000000000010000000100000000000
00000100000000000000100001000000000000000000100100000000000000000000000000000000001000000000000000000000000000000100000001000100000000000000000010000000100000000000
00000000000000000000100000000000000000000000100100000000000000000000000000000000000000000000000000000000000000000100000000000100000000000000000010000000100000000000
00000000000000000000100000000000000000000000100000000000000000000000000000000000000000000000000000000000000000000100000000000100000000000000000010000000100000000000
00000000000000000000100000000000000000000000000000000000000000000000000000000000000000000000000000000000000000000100000000000100000000000000000010000000100000000000
00000000000000000000100000000000000000000000000000000000000000000000000000000000000000000000000000000000000000000100000000000000000000000000000010000000100000000000
00000000000000000000100000000000000000000000000000000000000000000000000000000000000000000000000000000000000000000100000000000000000000000000000010000000000000000000
00000000000000000000100000000000000000000000000000000000000000000000000000000000000000000000000000000000000000000000000000000000000000000000000010000000000000000000
00000100000000000000000001000000000000000000000000000000000000000000000000000000001000000000000000000000000000000000000001000000000000000000000000000000000000000000
00000000000000000000000001000000000000000000000000000000000000000000000000000000001000000000000000000000000000000000000000000000000000000000000000000000000000000000
00000100000000000000000000000000000000000000000000000000000000000000000000000000000000000000000000000000000000000000000001000000000000000000000000000000000000000000
00111000000101100010011100111100011001111010001000100010110000010110010110111100110110111010101100001110101011001000010010000011111111101100010100001011010010110010
00111000000101100010011100111100011001111010001000100010110000010110010110111100110110111010101100001110101011001000010010000011111111101100010100001010010010110010
00010000000000000000000000000000000000000000000000000000000000000000000000000000000000000000000000000000000000000000000000000000010000001000000000000000000000000000
00000000000000000000000000000000000000000000000000000000000000000000000000000000000000000000000000000000000000000000000000000000010000001000000000000000000000000000
00101000000101100010011100111100011001111010001000100010110000010110010110111100110110111010101100001110101011001000010010000011101111100100010100001010010010110010
00000000000000000000000000000000000000000000000000000000000000000000000000000000000000000000000000000000000000000000000000000000000000000000000000001000000000000010
00101000000101100010011100111100011001111010001000100010110000010110010110111100110110111010101100001110101011001000010010000011101111100100010100000010010010110000
00001000000000100000000000000100000000010000000000000010100000000010010000001000010100010000000000000000001000000000010010000001001000000000000000000000000000010000
00000000000000000000000000000000000000000000000000000000000000000000000000000000010000000000000000000000000000000000000010000000000000000000000000000000000000010000
00000000000000000000000000000000000000000000000000000000000000000000000000000000000000000000000000000000000000000000000010000000000000000000000000000000000000010000
00001000000000100000000000000100000000010000000000000010100000000010010000001000000100010000000000000000001000000000010000000001001000000000000000000000000000000000
00001000000000100000000000000100000000010000000000000010100000000010010000001000000000010000000000000000001000000000010000000001001000000000000000000000000000000000
00001000000000100000000000000100000000010000000000000010100000000010010000001000000000010000000000000000001000000000000000000001001000000000000000000000000000000000
00000000000000000000000000000000000000000000000000000010000000000000000000000000000000010000000000000000000000000000000000000000001000000000000000000000000000000000
00000000000000000000000000000000000000000000000000000010000000000000000000000000000000010000000000000000000000000000000000000000000000000000000000000000000000000000
00001000000000100000000000000100000000010000000000000000100000000010010000001000000000000000000000000000001000000000000000000001000000000000000000000000000000000000
00000000000000100000000000000100000000010000000000000000100000000010010000001000000000000000000000000000001000000000000000000001000000000000000000000000000000000000
00000000000000000000000000000000000000000000000000000000100000000010000000001000000000000000000000000000000000000000000000000000000000000000000000000000000000000000
00000000000000000000000000000000000000000000000000000000000000000010000000001000000000000000000000000000000000000000000000000000000000000000000000000000000000000000
00000000000000100000000000000100000000010000000000000000000000000000010000000000000000000000000000000000001000000000000000000001000000000000000000000000000000000000
00000000000000100000000000000100000000000000000000000000000000000000010000000000000000000000000000000000001000000000000000000001000000000000000000000000000000000000
00000000000000100000000000000100000000000000000000000000000000000000000000000000000000000000000000000000001000000000000000000001000000000000000000000000000000000000
00000000000000100000000000000000000000000000000000000000000000000000000000000000000000000000000000000000001000000000000000000001000000000000000000000000000000000000
00000000000000000000000000000000000000000000000000000000000000000000000000000000000000000000000000000000001000000000000000000001000000000000000000000000000000000000
00100000000101000010011100111000011001101010001000100000010000010100000110110100100010101010101100001110100011001000000000000010100111100100010100000010010010100000
00100000000101000010011100111000011001101010001000100000010000010100000110100100100010101010101100001110100011001000000000000010100111100100010100000010010010100000
00000000000000000010010000000000000000000000000000000000000000000000000000000000000000000000000000000000100000000000000000000000000010000100000000000000000000000000
00000000000000000010010000000000000000000000000000000000000000000000000000000000000000000000000000000000100000000000000000000000000000000100000000000000000000000000
00000000000000000000010000000000000000000000000000000000000000000000000000000000000000000000000000000000100000000000000000000000000000000100000000000000000000000000
00000000000000000000010000000000000000000000000000000000000000000000000000000000000000000000000000000000000000000000000000000000000000000100000000000000000000000000
00100000000101000000001100111000011001101010001000100000010000010100000110100100100010101010101100001110000011001000000000000010100101100000010100000010010010100000
00000000000000000000000000000000000000000000000000000000000000000100000000000000000000000000000000001110000000000000000000000000000000000000000000000000000000000000
00000000000000000000000000000000000000000000000000000000000000000100000000000000000000000000000000001010000000000000000000000000000000000000000000000000000000000000
00000000000000000000000000000000000000000000000000000000000000000100000000000000000000000000000000001000000000000000000000000000000000000000000000000000000000000000
00100000000101000000001100111000011001101010001000100000010000010000000110100100100010101010101100000000000011001000000000000010100101100000010100000010010010100000
00100000000101000000001100111000011001101010001000100000010000010000000110100100100010101010101100000000000011001000000000000010100101000000010100000010010010100000
00000000000000000000000000111000011000000010001000000000010000000000000010000000100000101000001000000000000001000000000000000010000100000000000000000000000010000000
00000000000000000000000000111000011000000010001000000000010000000000000010000000000000101000001000000000000001000000000000000010000100000000000000000000000010000000
00000000000000000000000000010000001000000010001000000000010000000000000010000000000000100000000000000000000001000000000000000010000100000000000000000000000010000000
00000000000000000000000000010000001000000010001000000000010000000000000010000000000000000000000000000000000001000000000000000010000100000000000000000000000010000000
00000000000000000000000000000000000000000000001000000000000000000000000010000000000000000000000000000000000000000000000000000010000000000000000000000000000000000000
00000000000000000000000000000000000000000000001000000000000000000000000000000000000000000000000000000000000000000000000000000010000000000000000000000000000000000000
00000000000000000000000000010000001000000010000000000000010000000000000000000000000000000000000000000000000001000000000000000000000100000000000000000000000010000000
00000000000000000000000000010000000000000010000000000000010000000000000000000000000000000000000000000000000001000000000000000000000100000000000000000000000010000000
00000000000000000000000000010000000000000010000000000000000000000000000000000000000000000000000000000000000001000000000000000000000100000000000000000000000010000000
00000000000000000000000000000000000000000010000000000000000000000000000000000000000000000000000000000000000001000000000000000000000000000000000000000000000000000000
00000000000000000000000000010000000000000000000000000000000000000000000000000000000000000000000000000000000000000000000000000000000100000000000000000000000010000000
00000000000000000000000000000000000000000000000000000000000000000000000000000000000000000000000000000000000000000000000000000000000100000000000000000000000010000000
00000000000000000000000000101000010000000000000000000000000000000000000000000000000000001000001000000000000000000000000000000000000000000000000000000000000000000000
00000000000000000000000000000000010000000000000000000000000000000000000000000000000000001000000000000000000000000000000000000000000000000000000000000000000000000000
00000000000000000000000000101000000000000000000000000000000000000000000000000000000000000000001000000000000000000000000000000000000000000000000000000000000000000000
00000000000000000000000000001000000000000000000000000000000000000000000000000000000000000000001000000000000000000000000000000000000000000000000000000000000000000000
00100000000101000000001100000000000001101000000000100000000000010000000100100100000010000010100100000000000010001000000000000000100001000000010100000010010000100000
00100000000101000000001100000000000001101000000000100000000000010000000100100000000010000010100100000000000010001000000000000000100001000000010100000010010000100000
00100000000101000000001100000000000001100000000000100000000000010000000100100000000010000010100100000000000010001000000000000000100001000000010100000010010000100000
00000000000000000000000000000000000000100000000000000000000000000000000100000000000000000000000100000000000000000000000000000000000000000000000000000000000000000000
00000000000000000000000000000000000000100000000000000000000000000000000100000000000000000000000000000000000000000000000000000000000000000000000000000000000000000000
00100000000101000000001100000000000001000000000000100000000000010000000000100000000010000010100000000000000010001000000000000000100001000000010100000010010000100000
00100000000101000000001100000000000001000000000000100000000000010000000000100000000010000010100000000000000010001000000000000000100001000000010100000010010000000000
00100000000101000000001100000000000001000000000000100000000000010000000000100000000010000010100000000000000010001000000000000000100001000000010000000010010000000000
00000000000000000000001000000000000001000000000000000000000000000000000000000000000000000000100000000000000010001000000000000000000000000000000000000000000000000000
00000000000000000000000000000000000000000000000000000000000000000000000000000000000000000000100000000000000000001000000000000000000000000000000000000000000000000000
00000000000000000000001000000000000001000000000000000000000000000000000000000000000000000000000000000000000010000000000000000000000000000000000000000000000000000000
00000000000000000000001000000000000001000000000000000000000000000000000000000000000000000000000000000000000000000000000000000000000000000000000000000000000000000000
00100000000101000000000100000000000000000000000000100000000000010000000000100000000010000010000000000000000000000000000000000000100001000000010000000010010000000000
00000000000000000000000000000000000000000000000000100000000000000000000000000000000000000010000000000000000000000000000000000000000001000000010000000010010000000000
00000000000000000000000000000000000000000000000000000000000000000000000000000000000000000010000000000000000000000000000000000000000001000000010000000010010000000000
00000000000000000000000000000000000000000000000000000000000000000000000000000000000000000000000000000000000000000000000000000000000000000000010000000000010000000000
00000000000000000000000000000000000000000000000000000000000000000000000000000000000000000010000000000000000000000000000000000000000001000000000000000010000000000000
00000000000000000000000000000000000000000000000000000000000000000000000000000000000000000010000000000000000000000000000000000000000000000000000000000010000000000000
00100000000101000000000100000000000000000000000000000000000000010000000000100000000010000000000000000000000000000000000000000000100000000000000000000000000000000000
00000000000100000000000100000000000000000000000000000000000000010000000000100000000010000000000000000000000000000000000000000000100000000000000000000000000000000000
00000000000100000000000100000000000000000000000000000000000000010000000000100000000010000000000000000000000000000000000000000000000000000000000000000000000000000000
00000000000100000000000100000000000000000000000000000000000000010000000000000000000010000000000000000000000000000000000000000000000000000000000000000000000000000000
00000000000100000000000100000000000000000000000000000000000000000000000000000000000010000000000000000000000000000000000000000000000000000000000000000000000000000000
00000000000100000000000000000000000000000000000000000000000000000000000000000000000010000000000000000000000000000000000000000000000000000000000000000000000000000000
00100000000001000000000000000000000000000000000000000000000000000000000000000000000000000000000000000000000000000000000000000000000000000000000000000000000000000000
01000011000000010101000000000011100100000101010001010001000111001001101001000010000000000101010000100001000100100000000000101000000000010000000001100000000101000100
00000010000000010000000000000010000100000000000000000000000000000000000000000010000000000000010000000001000000000000000000100000000000000000000000000000000000000000
00000000000000010000000000000010000000000000000000000000000000000000000000000000000000000000010000000000000000000000000000100000000000000000000000000000000000000000
00000000000000010000000000000010000000000000000000000000000000000000000000000000000000000000010000000000000000000000000000000000000000000000000000000000000000000000
00000000000000000000000000000010000000000000000000000000000000000000000000000000000000000000010000000000000000000000000000000000000000000000000000000000000000000000
00000010000000000000000000000000000100000000000000000000000000000000000000000010000000000000000000000001000000000000000000000000000000000000000000000000000000000000
00000000000000000000000000000000000100000000000000000000000000000000000000000010000000000000000000000000000000000000000000000000000000000000000000000000000000000000
00000010000000000000000000000000000000000000000000000000000000000000000000000000000000000000000000000001000000000000000000000000000000000000000000000000000000000000
01000001000000000101000000000001100000000101010001010001000111001001101001000000000000000101000000100000000100100000000000001000000000010000000001100000000101000100
00000000000000000000000000000000000000000000000000000000000100000000000000000000000000000000000000000000000000100000000000000000000000000000000000000000000000000000
01000001000000000101000000000001100000000101010001010001000011001001101001000000000000000101000000100000000100000000000000001000000000010000000001100000000101000100
00000001000000000101000000000001100000000101010001010001000011001001101001000000000000000101000000100000000100000000000000001000000000010000000001100000000101000100
00000000000000000100000000000000000000000000000000000000000000000000000000000000000000000000000000100000000000000000000000000000000000000000000000000000000000000000
00000001000000000001000000000001100000000101010001010001000011001001101001000000000000000101000000000000000100000000000000001000000000010000000001100000000101000100
00000001000000000001000000000001100000000101010001010001000011000001101001000000000000000101000000000000000100000000000000001000000000010000000001100000000101000100
00000001000000000001000000000000100000000101010001010001000011000001101001000000000000000101000000000000000100000000000000001000000000010000000001100000000101000100
00000000000000000000000000000000000000000000010000000000000001000001000001000000000000000100000000000000000000000000000000001000000000000000000001100000000100000000
00000000000000000000000000000000000000000000000000000000000000000000000000000000000000000100000000000000000000000000000000000000000000000000000001100000000000000000
00000000000000000000000000000000000000000000000000000000000000000000000000000000000000000100000000000000000000000000000000000000000000000000000000100000000000000000
00000000000000000000000000000000000000000000010000000000000001000001000001000000000000000000000000000000000000000000000000001000000000000000000000000000000100000000
00000000000000000000000000000000000000000000010000000000000001000001000001000000000000000000000000000000000000000000000000000000000000000000000000000000000100000000
00000000000000000000000000000000000000000000000000000000000001000001000000000000000000000000000000000000000000000000000000000000000000000000000000000000000000000000
00000000000000000000000000000000000000000000010000000000000000000000000001000000000000000000000000000000000000000000000000000000000000000000000000000000000100000000
00000000000000000000000000000000000000000000000000000000000000000000000001000000000000000000000000000000000000000000000000000000000000000000000000000000000100000000
00000001000000000001000000000000100000000101000001010001000010000000101000000000000000000001000000000000000100000000000000000000000000010000000000000000000001000100
00000001000000000001000000000000100000000101000001010001000010000000101000000000000000000001000000000000000100000000000000000000000000010000000000000000000001000000
00000001000000000001000000000000100000000101000001010001000010000000101000000000000000000001000000000000000100000000000000000000000000010000000000000000000000000000
00000001000000000001000000000000100000000101000001010001000010000000001000000000000000000001000000000000000100000000000000000000000000010000000000000000000000000000
00000000000000000000000000000000000000000000000001000000000000000000001000000000000000000001000000000000000000000000000000000000000000000000000000000000000000000000
00000000000000000000000000000000000000000000000000000000000000000000001000000000000000000001000000000000000000000000000000000000000000000000000000000000000000000000
00000001000000000001000000000000100000000101000000010001000010000000000000000000000000000000000000000000000100000000000000000000000000010000000000000000000000000000
00000000000000000000000000000000000000000001000000010001000000000000000000000000000000000000000000000000000000000000000000000000000000000000000000000000000000000000
00000000000000000000000000000000000000000001000000000001000000000000000000000000000000000000000000000000000000000000000000000000000000000000000000000000000000000000
00000001000000000001000000000000100000000100000000000000000010000000000000000000000000000000000000000000000100000000000000000000000000010000000000000000000000000000
00000001000000000000000000000000100000000100000000000000000010000000000000000000000000000000000000000000000100000000000000000000000000010000000000000000000000000000
00000000000000000000000000000000100000000000000000000000000000000000000000000000000000000000000000000000000100000000000000000000000000000000000000000000000000000000
00000001000000000000000000000000000000000100000000000000000010000000000000000000000000000000000000000000000000000000000000000000000000010000000000000000000000000000
00000000000000000000000000000000000000000100000000000000000010000000000000000000000000000000000000000000000000000000000000000000000000010000000000000000000000000000
00000000000000000000000000000000000000000000000000000000000010000000000000000000000000000000000000000000000000000000000000000000000000010000000000000000000000000000
