001111111100100110100010001110011010111101000110100000001110110000001000101101011110010000001001011101100100011001100110000100110100110010011111000011001100111110000010011000100010100010111
000000000000000000000000000000000000000000000010000000000000000000000000001000000000000000000000000000000000000000000000000000000000000000000000000000000000000000000000000000000000000000000
001111111100100110100010001110011010111101000100100000001110110000001000100101011110010000001001011101100100011001100110000100110100110010011111000011001100111110000010011000100010100010111
001111111100100110100010001110011010111101000100100000001110110000001000100100011110010000001001011101100100011001100110000100110100110010011111000011001100111110000010011000100010100010111
000000000000000000000000000000000000000000000000000000000000000000000000000000000000000000000000000000000000001000000000000000000000000000000000000000000000001000000000000000000000000000000
001111111100100110100010001110011010111101000100100000001110110000001000100100011110010000001001011101100100010001100110000100110100110010011111000011001100110110000010011000100010100010111
001111111100100110100010001110011010111101000100100000001110110000001000100100011110010000001001011101100100010001100110000100110100110010011111000011001000110110000010011000100010100010111
000100100000000000000000000000000000000100000000100000000000000000000000000000000000000000000000000000000000000000000000000000000000000000000000000000000000000000000000000000000000000000000
000100000000000000000000000000000000000100000000100000000000000000000000000000000000000000000000000000000000000000000000000000000000000000000000000000000000000000000000000000000000000000000
000100000000000000000000000000000000000100000000000000000000000000000000000000000000000000000000000000000000000000000000000000000000000000000000000000000000000000000000000000000000000000000
001011011100100110100010001110011010111001000100000000001110110000001000100100011110010000001001011101100100010001100110000100110100110010011111000011001000110110000010011000100010100010111
001011011000100110100010001110011010111001000100000000001110110000001000100100011110010000001001011101100100010001100110000100110100110010011111000011001000110110000010011000100010100010111
001011011000100110100010001110011010111001000100000000001110110000001000100100011110010000001001011100100100010001100110000100110100110010011111000011001000110110000010011000100010100010111
001011011000100110100010001110011010111001000100000000001100110000001000100100011110010000001001011100100100010001100110000100110100110010011111000011001000110110000010011000100010100010111
001011011000100110100010001110011010111001000100000000001100110000001000100100011110010000001001011100100100000001100110000100110100110010011111000011001000110110000010011000100010100010111
000000000000000000000000000000000000000000000000000000000000000000000000000000000000000000000001000000000000000000000000000000000000000000000000000000000000000000000000010000000000000000000
001011011000100110100010001110011010111001000100000000001100110000001000100100011110010000001000011100100100000001100110000100110100110010011111000011001000110110000010001000100010100010111
001011011000100110100010001110011010111001000100000000001100110000001000100100011110010000001000001100100100000001100110000100110100110010011111000011001000110110000010001000100010100010111
000000000000000000000000000000000000000000000000000000000000000000000000000000000010000000000000000100000000000000000000000000000000000000000000000000000000000000000000000000000000000000000
001011011000100110100010001110011010111001000100000000001100110000001000100100011100010000001000001000100100000001100110000100110100110010011111000011001000110110000010001000100010100010111
001011011000100110100010001110011010111001000000000000001100110000001000100100011100010000001000001000100100000001100110000100110100110010011111000011001000110110000010001000100010100010111
000011011000100110100010001110011010111001000000000000001100110000001000100100011100010000001000001000100100000001100110000100110100110010011111000011001000110110000010001000100010100010111
000011011000100110100010001110011010011001000000000000001100110000001000100100011100010000001000001000100100000001100110000100110100110010011111000011001000110110000010001000100010100010111
000000010000100010000010001000010010010000000000000000000100000000001000000000010000000000000000001000100000000000100110000100110100000010000100000010001000100000000000000000100000100010100
000000010000100010000010001000010010010000000000000000000100000000001000000000010000000000000000000000100000000000100110000100110100000010000100000010001000100000000000000000100000100010100
000000000000000000000000000000000000010000000000000000000000000000000000000000000000000000000000000000000000000000100000000000100000000000000000000000000000000000000000000000000000000000000
000000000000000000000000000000000000000000000000000000000000000000000000000000000000000000000000000000000000000000100000000000100000000000000000000000000000000000000000000000000000000000000
000000010000100010000010001000010010000000000000000000000100000000001000000000010000000000000000000000100000000000000110000100010100000010000100000010001000100000000000000000100000100010100
000000010000100010000010001000010010000000000000000000000100000000001000000000010000000000000000000000100000000000000110000100010100000000000100000010001000100000000000000000100000100010100
000000010000100010000010001000010010000000000000000000000100000000000000000000010000000000000000000000100000000000000110000100010100000000000100000010001000100000000000000000100000100010100
000000000000000000000000000000000000000000000000000000000000000000000000000000010000000000000000000000000000000000000000000000000000000000000000000000000000000000000000000000000000000010000
000000010000100010000010001000010010000000000000000000000100000000000000000000000000000000000000000000100000000000000110000100010100000000000100000010001000100000000000000000100000100000100
000000010000100010000010001000010010000000000000000000000100000000000000000000000000000000000000000000100000000000000100000100010100000000000100000010001000100000000000000000100000100000100
000000010000100010000010001000010000000000000000000000000100000000000000000000000000000000000000000000100000000000000100000100010100000000000100000010001000100000000000000000100000100000100
000000000000000010000000001000000000000000000000000000000100000000000000000000000000000000000000000000000000000000000000000000000000000000000000000000000000000000000000000000000000000000000
000000000000000000000000001000000000000000000000000000000100000000000000000000000000000000000000000000000000000000000000000000000000000000000000000000000000000000000000000000000000000000000
000000010000100000000010000000010000000000000000000000000000000000000000000000000000000000000000000000100000000000000100000100010100000000000100000010001000100000000000000000100000100000100
000000000000000000000000000000000000000000000000000000000000000000000000000000000000000000000000000000000000000000000000000000010100000000000000000000000000100000000000000000000000000000000
000000000000000000000000000000000000000000000000000000000000000000000000000000000000000000000000000000000000000000000000000000010100000000000000000000000000000000000000000000000000000000000
000000010000100000000010000000010000000000000000000000000000000000000000000000000000000000000000000000100000000000000100000100000000000000000100000010001000000000000000000000100000100000100
000000000000000000000000000000000000000000000000000000000000000000000000000000000000000000000000000000000000000000000000000000000000000000000100000000000000000000000000000000100000000000100
000000000000000000000000000000000000000000000000000000000000000000000000000000000000000000000000000000000000000000000000000000000000000000000100000000000000000000000000000000000000000000100
000000010000100000000010000000010000000000000000000000000000000000000000000000000000000000000000000000100000000000000100000100000000000000000000000010001000000000000000000000000000100000000
000000000000000000000000000000000000000000000000000000000000000000000000000000000000000000000000000000000000000000000000000000000000000000000000000000001000000000000000000000000000100000000
000000010000100000000010000000010000000000000000000000000000000000000000000000000000000000000000000000100000000000000100000100000000000000000000000010000000000000000000000000000000000000000
000000010000100000000010000000010000000000000000000000000000000000000000000000000000000000000000000000100000000000000100000000000000000000000000000010000000000000000000000000000000000000000
000000000000000000000010000000010000000000000000000000000000000000000000000000000000000000000000000000000000000000000000000000000000000000000000000000000000000000000000000000000000000000000
000000010000100000000000000000000000000000000000000000000000000000000000000000000000000000000000000000100000000000000100000000000000000000000000000010000000000000000000000000000000000000000
000000000000100000000000000000000000000000000000000000000000000000000000000000000000000000000000000000100000000000000100000000000000000000000000000000000000000000000000000000000000000000000
000000000000000000000000000000000000000000000000000000000000000000000000000000000000000000000000000000100000000000000100000000000000000000000000000000000000000000000000000000000000000000000
000000010000000000000000000000000000000000000000000000000000000000000000000000000000000000000000000000000000000000000000000000000000000000000000000010000000000000000000000000000000000000000
000011001000000100100000000110001000001001000000000000001000110000000000100100001100010000001000000000000100000001000000000000000000110000011011000001000000010110000010001000000010000000011
000011001000000100100000000110001000001001000000000000001000110000000000100100001100010000001000000000000100000001000000000000000000110000011001000001000000010110000010001000000010000000011
000001001000000000000000000100001000001000000000000000001000000000000000000100001100010000000000000000000000000000000000000000000000100000000001000000000000010100000010001000000000000000011
000001001000000000000000000100001000001000000000000000001000000000000000000000001100010000000000000000000000000000000000000000000000100000000001000000000000010100000010001000000000000000011
000000000000000000000000000100001000000000000000000000000000000000000000000000000000010000000000000000000000000000000000000000000000000000000001000000000000000000000000001000000000000000001
000000000000000000000000000100001000000000000000000000000000000000000000000000000000010000000000000000000000000000000000000000000000000000000001000000000000000000000000001000000000000000000
000000000000000000000000000100000000000000000000000000000000000000000000000000000000010000000000000000000000000000000000000000000000000000000001000000000000000000000000001000000000000000000
000000000000000000000000000100000000000000000000000000000000000000000000000000000000000000000000000000000000000000000000000000000000000000000001000000000000000000000000001000000000000000000
000000000000000000000000000100000000000000000000000000000000000000000000000000000000000000000000000000000000000000000000000000000000000000000001000000000000000000000000000000000000000000000
000001001000000000000000000000000000001000000000000000001000000000000000000000001100000000000000000000000000000000000000000000000000100000000000000000000000010100000010000000000000000000010
000001001000000000000000000000000000001000000000000000000000000000000000000000001100000000000000000000000000000000000000000000000000100000000000000000000000010100000010000000000000000000010
000001001000000000000000000000000000001000000000000000000000000000000000000000000100000000000000000000000000000000000000000000000000100000000000000000000000010100000010000000000000000000010
000001001000000000000000000000000000001000000000000000000000000000000000000000000100000000000000000000000000000000000000000000000000100000000000000000000000010100000010000000000000000000000
000000000000000000000000000000000000000000000000000000000000000000000000000000000000000000000000000000000000000000000000000000000000000000000000000000000000010100000000000000000000000000000
000001001000000000000000000000000000001000000000000000000000000000000000000000000100000000000000000000000000000000000000000000000000100000000000000000000000000000000010000000000000000000000
000001001000000000000000000000000000001000000000000000000000000000000000000000000100000000000000000000000000000000000000000000000000000000000000000000000000000000000010000000000000000000000
000000000000000000000000000000000000001000000000000000000000000000000000000000000100000000000000000000000000000000000000000000000000000000000000000000000000000000000010000000000000000000000
000000000000000000000000000000000000001000000000000000000000000000000000000000000000000000000000000000000000000000000000000000000000000000000000000000000000000000000010000000000000000000000
000001001000000000000000000000000000000000000000000000000000000000000000000000000000000000000000000000000000000000000000000000000000000000000000000000000000000000000000000000000000000000000
000010000000000100100000000010000000000001000000000000000000110000000000100000000000000000001000000000000100000001000000000000000000010000011000000001000000000010000000000000000010000000000
000000000000000000000000000000000000000000000000000000000000000000000000000000000000000000000000000000000000000000000000000000000000000000001000000001000000000000000000000000000000000000000
000010000000000100100000000010000000000001000000000000000000110000000000100000000000000000001000000000000100000001000000000000000000010000010000000000000000000010000000000000000010000000000
000000000000000000000000000010000000000001000000000000000000110000000000000000000000000000001000000000000100000001000000000000000000010000010000000000000000000000000000000000000010000000000
000000000000000000000000000010000000000001000000000000000000110000000000000000000000000000000000000000000100000001000000000000000000010000010000000000000000000000000000000000000010000000000
000000000000000000000000000010000000000001000000000000000000110000000000000000000000000000000000000000000100000001000000000000000000010000010000000000000000000000000000000000000000000000000
000000000000000000000000000000000000000001000000000000000000110000000000000000000000000000000000000000000000000001000000000000000000000000000000000000000000000000000000000000000000000000000
000000000000000000000000000000000000000000000000000000000000110000000000000000000000000000000000000000000000000001000000000000000000000000000000000000000000000000000000000000000000000000000
000000000000000000000000000000000000000000000000000000000000010000000000000000000000000000000000000000000000000001000000000000000000000000000000000000000000000000000000000000000000000000000
000000000000000000000000000010000000000000000000000000000000000000000000000000000000000000000000000000000100000000000000000000000000010000010000000000000000000000000000000000000000000000000
000000000000000000000000000010000000000000000000000000000000000000000000000000000000000000000000000000000000000000000000000000000000010000010000000000000000000000000000000000000000000000000
000000000000000000000000000010000000000000000000000000000000000000000000000000000000000000000000000000000000000000000000000000000000010000000000000000000000000000000000000000000000000000000
000010000000000100100000000000000000000000000000000000000000000000000000100000000000000000000000000000000000000000000000000000000000000000000000000000000000000010000000000000000000000000000
000010000000000100000000000000000000000000000000000000000000000000000000100000000000000000000000000000000000000000000000000000000000000000000000000000000000000010000000000000000000000000000
000010000000000100000000000000000000000000000000000000000000000000000000100000000000000000000000000000000000000000000000000000000000000000000000000000000000000000000000000000000000000000000
000010000000000000000000000000000000000000000000000000000000000000000000100000000000000000000000000000000000000000000000000000000000000000000000000000000000000000000000000000000000000000000
010000000011011001011101110001100101000010111001011111100001001111110111010010100001001111110110100010011011100110011000111011001011001101100000101100110011000001111101100111011101011101000
010000000011011001011101110001100101000010111001011111100001001111110111010010100001001111110110100010011001100110011000111011001011001101100000101100110011000001111101100111011101011101000
010000000011011001011101110001100101000010111001011111100001001111110111010010100001001111110110100010011001100110011000111011001010001101100000101100110011000001111101100111011101011101000
000000000000000000010000000000000000000000000000000000000000001000000000000000000000000000100000000000000000000000000000000000000000000000000000000000000000000000000000000000000000000000000
000000000000000000010000000000000000000000000000000000000000000000000000000000000000000000100000000000000000000000000000000000000000000000000000000000000000000000000000000000000000000000000
010000000011011001001101110001100101000010111001011111100001000111110111010010100001001111010110100010011001100110011000111011001010001101100000101100110011000001111101100111011101011101000
000000000010001001000000110001000101000010110001011110100000000010110111000010100001001010010010100000010001000100011000110011000010001101000000000100010011000001000001100011001001010100000
000000000000001001000000110001000101000010100001011110100000000010110111000010000001000010010010100000010001000100011000100011000010001101000000000100010011000001000001100011001001010100000
000000000000000000000000000000000000000010000000000000000000000000000000000000000000000000000000000000000000000000000000000000000000000000000000000000000000000000000001000000000000000000000
000000000000001001000000110001000101000000100001011110100000000010110111000010000001000010010010100000010001000100011000100011000010001101000000000100010011000001000000100011001001010100000
000000000000001001000000110001000101000000100001011110000000000010110111000010000001000010010010100000010001000100011000100011000010001101000000000100010011000001000000100011001001010100000
000000000000001001000000110001000101000000100001011110000000000000110111000010000001000010010010100000010001000100011000100011000010001101000000000100010011000001000000100011001001010100000
000000000000001001000000110001000101000000100001011110000000000000100111000010000001000010010010100000010001000100011000100011000010001101000000000100010011000001000000100011001001010100000
000000000000000000000000000000000000000000000000001000000000000000000000000000000000000000000000000000000000000000010000000000000010000000000000000100000000000000000000000000001000000000000
000000000000000000000000000000000000000000000000001000000000000000000000000000000000000000000000000000000000000000010000000000000010000000000000000100000000000000000000000000000000000000000
000000000000000000000000000000000000000000000000001000000000000000000000000000000000000000000000000000000000000000010000000000000010000000000000000000000000000000000000000000000000000000000
000000000000000000000000000000000000000000000000001000000000000000000000000000000000000000000000000000000000000000010000000000000000000000000000000000000000000000000000000000000000000000000
000000000000001001000000110001000101000000100001010110000000000000100111000010000001000010010010100000010001000100001000100011000000001101000000000000010011000001000000100011000001010100000
000000000000001001000000110001000101000000100001010110000000000000100111000010000001000010010010100000010001000100001000100011000000001101000000000000010011000001000000100001000001010100000
000000000000000000000000000000000000000000000000000000000000000000000000000000000000000000000000100000000000000000000000000000000000000000000000000000000000000000000000000000000000000100000
000000000000001001000000110001000101000000100001010110000000000000100111000010000001000010010010000000010001000100001000100011000000001101000000000000010011000001000000100001000001010000000
000000000000001001000000110001000101000000100001010110000000000000100101000010000001000010010010000000010001000100001000100011000000001101000000000000010011000001000000100001000001010000000
000000000000000000000000000000000000000000000000000000000000000000000000000000000000000000000010000000000000000000000000000000000000000000000000000000000000000000000000000001000000000000000
000000000000001001000000110001000101000000100001010110000000000000100101000010000001000010010000000000010001000100001000100011000000001101000000000000010011000001000000100000000001010000000
000000000000001000000000110001000101000000100001010110000000000000100101000010000001000010010000000000010001000100001000100011000000001101000000000000010011000001000000100000000001010000000
000000000000001000000000110001000101000000100001010110000000000000100101000010000001000010010000000000010001000100001000100011000000001101000000000000010001000001000000100000000001010000000
000000000000000000000000100000000000000000000000000000000000000000000000000000000000000000000000000000000000000000000000000001000000000001000000000000000000000000000000100000000000000000000
000000000000000000000000000000000000000000000000000000000000000000000000000000000000000000000000000000000000000000000000000001000000000001000000000000000000000000000000100000000000000000000
000000000000000000000000000000000000000000000000000000000000000000000000000000000000000000000000000000000000000000000000000001000000000000000000000000000000000000000000100000000000000000000
000000000000001000000000010001000101000000100001010110000000000000100101000010000001000010010000000000010001000100001000100010000000001100000000000000010001000001000000000000000001010000000
000000000000000000000000010001000101000000100001010110000000000000100101000010000001000010010000000000010001000100001000100010000000001100000000000000010001000001000000000000000001010000000
000000000000000000000000010001000101000000100001010110000000000000100101000010000001000010010000000000010001000100001000100010000000000100000000000000010001000001000000000000000001010000000
000000000000000000000000000000000000000000000000000000000000000000000000000000000000000010000000000000000000000000000000100000000000000000000000000000000000000000000000000000000001000000000
000000000000000000000000000000000000000000000000000000000000000000000000000000000000000000000000000000000000000000000000100000000000000000000000000000000000000000000000000000000001000000000
000000000000000000000000010001000101000000100001010110000000000000100101000010000001000000010000000000010001000100001000000010000000000100000000000000010001000001000000000000000000010000000
000000000000000000000000010001000101000000100001010010000000000000100101000010000001000000010000000000010001000100001000000010000000000100000000000000010001000001000000000000000000010000000
000000000000000000000000010001000101000000100001010010000000000000100100000010000001000000010000000000010001000100001000000010000000000100000000000000010001000001000000000000000000010000000
000000000000000000000000010001000001000000100001010010000000000000100100000010000001000000010000000000010001000100001000000010000000000100000000000000010001000001000000000000000000010000000
000000000000000000000000000000000000000000000000000000000000000000000000000000000000000000000000000000000000000000001000000000000000000000000000000000000001000000000000000000000000010000000
000000000000000000000000000000000000000000000000000000000000000000000000000000000000000000000000000000000000000000000000000000000000000000000000000000000001000000000000000000000000010000000
000000000000000000000000010001000001000000100001010010000000000000100100000010000001000000010000000000010001000100000000000010000000000100000000000000010000000001000000000000000000000000000
000000000000000000000000000000000000000000000000000000000000000000100000000000000000000000000000000000000001000000000000000000000000000000000000000000000000000000000000000000000000000000000
000000000000000000000000010001000001000000100001010010000000000000000100000010000001000000010000000000010000000100000000000010000000000100000000000000010000000001000000000000000000000000000
000000000000000000000000000000000001000000000001010010000000000000000000000000000000000000010000000000000000000100000000000010000000000100000000000000000000000000000000000000000000000000000
000000000000000000000000000000000000000000000000000010000000000000000000000000000000000000000000000000000000000100000000000000000000000000000000000000000000000000000000000000000000000000000
000000000000000000000000000000000001000000000001010000000000000000000000000000000000000000010000000000000000000000000000000010000000000100000000000000000000000000000000000000000000000000000
000000000000000000000000000000000000000000000000010000000000000000000000000000000000000000010000000000000000000000000000000010000000000100000000000000000000000000000000000000000000000000000
000000000000000000000000000000000000000000000000000000000000000000000000000000000000000000000000000000000000000000000000000010000000000100000000000000000000000000000000000000000000000000000
000000000000000000000000000000000000000000000000010000000000000000000000000000000000000000010000000000000000000000000000000000000000000000000000000000000000000000000000000000000000000000000
000000000000000000000000000000000001000000000001000000000000000000000000000000000000000000000000000000000000000000000000000000000000000000000000000000000000000000000000000000000000000000000
000000000000000000000000010001000000000000100000000000000000000000000100000010000001000000000000000000010000000000000000000000000000000000000000000000010000000001000000000000000000000000000
000000000000000000000000000000000000000000100000000000000000000000000000000000000001000000000000000000000000000000000000000000000000000000000000000000000000000000000000000000000000000000000
000000000000000000000000010001000000000000000000000000000000000000000100000010000000000000000000000000010000000000000000000000000000000000000000000000010000000001000000000000000000000000000
000000000000000000000000010001000000000000000000000000000000000000000100000010000000000000000000000000010000000000000000000000000000000000000000000000010000000000000000000000000000000000000
000000000000000000000000000001000000000000000000000000000000000000000100000010000000000000000000000000010000000000000000000000000000000000000000000000010000000000000000000000000000000000000
000000000000000000000000000001000000000000000000000000000000000000000100000010000000000000000000000000000000000000000000000000000000000000000000000000010000000000000000000000000000000000000
000000000000000000000000000001000000000000000000000000000000000000000100000000000000000000000000000000000000000000000000000000000000000000000000000000010000000000000000000000000000000000000
000000000000000000000000000001000000000000000000000000000000000000000100000000000000000000000000000000000000000000000000000000000000000000000000000000000000000000000000000000000000000000000
000000000010000000000000000000000000000000010000000000000000000000000000000000100000001000000000000000000000000000000000010000000000000000000000000000000000000000000000000000000000000000000
000000000010000000000000000000000000000000000000000000000000000000000000000000100000001000000000000000000000000000000000010000000000000000000000000000000000000000000000000000000000000000000
000000000000000000000000000000000000000000000000000000000000000000000000000000000000001000000000000000000000000000000000010000000000000000000000000000000000000000000000000000000000000000000
000000000010000000000000000000000000000000000000000000000000000000000000000000100000000000000000000000000000000000000000000000000000000000000000000000000000000000000000000000000000000000000
010000000001010000001101000000100000000000001000000001000001000101000000010000000000000101000100000010001000100010000000001000001000000000100000101000100000000000111100000100010100001001000
010000000001000000001101000000100000000000001000000001000001000101000000010000000000000101000100000010001000100010000000001000001000000000100000101000100000000000111100000100010100001001000
010000000001000000001101000000100000000000001000000001000001000101000000010000000000000101000100000010001000100010000000001000001000000000100000101000100000000000111100000100010100000001000
000000000000000000000000000000000000000000000000000000000000000001000000000000000000000000000000000000000000000000000000000000000000000000000000000000000000000000000000000000000000000001000
010000000001000000001101000000100000000000001000000001000001000100000000010000000000000101000100000010001000100010000000001000001000000000100000101000100000000000111100000100010100000000000
010000000001000000001101000000100000000000001000000001000001000100000000010000000000000101000000000010001000100010000000001000001000000000100000101000100000000000111100000100010100000000000
000000000000000000000000000000000000000000000000000000000001000000000000000000000000000000000000000010000000000010000000001000000000000000100000000000000000000000010000000000010100000000000
000000000000000000000000000000000000000000000000000000000001000000000000000000000000000000000000000000000000000010000000001000000000000000100000000000000000000000010000000000010100000000000
000000000000000000000000000000000000000000000000000000000001000000000000000000000000000000000000000000000000000010000000001000000000000000100000000000000000000000010000000000010000000000000
000000000000000000000000000000000000000000000000000000000000000000000000000000000000000000000000000000000000000010000000000000000000000000100000000000000000000000000000000000010000000000000
000000000000000000000000000000000000000000000000000000000000000000000000000000000000000000000000000000000000000010000000000000000000000000100000000000000000000000000000000000000000000000000
000000000000000000000000000000000000000000000000000000000001000000000000000000000000000000000000000000000000000000000000001000000000000000000000000000000000000000010000000000000000000000000
000000000000000000000000000000000000000000000000000000000001000000000000000000000000000000000000000000000000000000000000001000000000000000000000000000000000000000000000000000000000000000000
010000000001000000001101000000100000000000001000000001000000000100000000010000000000000101000000000000001000100000000000000000001000000000000000101000100000000000101100000100000000000000000
000000000000000000000000000000100000000000001000000000000000000000000000000000000000000000000000000000000000000000000000000000000000000000000000000000000000000000000000000000000000000000000
010000000001000000001101000000000000000000000000000001000000000100000000010000000000000101000000000000001000100000000000000000001000000000000000101000100000000000101100000100000000000000000
010000000001000000001101000000000000000000000000000001000000000100000000010000000000000101000000000000000000100000000000000000001000000000000000101000100000000000101100000100000000000000000
000000000000000000000101000000000000000000000000000000000000000000000000000000000000000000000000000000000000000000000000000000000000000000000000001000000000000000001000000000000000000000000
000000000000000000000101000000000000000000000000000000000000000000000000000000000000000000000000000000000000000000000000000000000000000000000000000000000000000000001000000000000000000000000
000000000000000000000001000000000000000000000000000000000000000000000000000000000000000000000000000000000000000000000000000000000000000000000000000000000000000000001000000000000000000000000
010000000001000000001000000000000000000000000000000001000000000100000000010000000000000101000000000000000000100000000000000000001000000000000000100000100000000000100100000100000000000000000
010000000001000000001000000000000000000000000000000001000000000100000000010000000000000001000000000000000000100000000000000000001000000000000000100000100000000000100100000100000000000000000
000000000000000000000000000000000000000000000000000001000000000000000000000000000000000000000000000000000000000000000000000000000000000000000000000000000000000000000000000100000000000000000
010000000001000000001000000000000000000000000000000000000000000100000000010000000000000001000000000000000000100000000000000000001000000000000000100000100000000000100100000000000000000000000
000000000000000000000000000000000000000000000000000000000000000000000000000000000000000000000000000000000000000000000000000000001000000000000000000000000000000000100000000000000000000000000
010000000001000000001000000000000000000000000000000000000000000100000000010000000000000001000000000000000000100000000000000000000000000000000000100000100000000000000100000000000000000000000
000000000001000000001000000000000000000000000000000000000000000000000000000000000000000000000000000000000000000000000000000000000000000000000000000000000000000000000000000000000000000000000
010000000000000000000000000000000000000000000000000000000000000100000000010000000000000001000000000000000000100000000000000000000000000000000000100000100000000000000100000000000000000000000
010000000000000000000000000000000000000000000000000000000000000000000000010000000000000001000000000000000000100000000000000000000000000000000000100000100000000000000100000000000000000000000
010000000000000000000000000000000000000000000000000000000000000000000000000000000000000001000000000000000000100000000000000000000000000000000000100000100000000000000100000000000000000000000
010000000000000000000000000000000000000000000000000000000000000000000000000000000000000001000000000000000000100000000000000000000000000000000000100000000000000000000100000000000000000000000
010000000000000000000000000000000000000000000000000000000000000000000000000000000000000000000000000000000000100000000000000000000000000000000000100000000000000000000100000000000000000000000
010000000000000000000000000000000000000000000000000000000000000000000000000000000000000000000000000000000000100000000000000000000000000000000000100000000000000000000000000000000000000000000
010000000000000000000000000000000000000000000000000000000000000000000000000000000000000000000000000000000000000000000000000000000000000000000000100000000000000000000000000000000000000000000
100000000000000000000000000000000000000000000000000000010000000000000000000000000000100000000000000000000000000000000001000000000000000000000000010000000000000000000000000000000000000000000
100000000000000000000000000000000000000000000000000000000000000000000000000000000000100000000000000000000000000000000001000000000000000000000000010000000000000000000000000000000000000000000
000000000000000000000000000000000000000000000000000000000000000000000000000000000000100000000000000000000000000000000001000000000000000000000000010000000000000000000000000000000000000000000
000000000000000000000000000000000000000000000000000000000000000000000000000000000000000000000000000000000000000000000001000000000000000000000000010000000000000000000000000000000000000000000
