802
40 409
431 326
144 158
676 96
579 409
49 336
538 694
523 535
32 41
569 745
32 23
362 336
247 199
270 518
738 266
231 9
554 513
800 540
778 227
126 178
63 62
785 276
215 313
306 570
43 270
618 259
439 443
133 341
115 208
787 566
600 83
413 67
489 598
408 732
284 42
168 35
238 97
538 219
433 186
349 95
240 587
592 420
479 270
30 224
465 79
182 35
524 160
120 154
545 298
292 650
397 256
573 262
201 369
493 741
197 12
519 523
160 194
28 61
790 259
23 29
727 178
60 637
415 504
189 41
457 342
179 228
484 135
630 403
595 266
170 92
98 464
57 729
386 223
460 176
29 47
347 315
214 645
220 660
155 95
61 110
757 273
185 344
31 234
6 11
681 232
261 75
33 559
194 666
321 539
476 801
58 356
358 647
528 367
245 19
120 131
478 532
617 771
222 121
4 5
132 466
136 164
319 153
131 441
318 607
79 422
664 6
629 112
116 621
85 551
143 144
619 503
622 88
3 24
546 74
780 556
357 354
306 204
136 204
463 17
358 163
211 779
192 203
740 313
126 769
81 89
728 210
685 491
291 90
118 186
2 201
415 480
166 704
308 379
508 262
76 82
122 279
53 115
565 220
33 482
794 239
309 322
50 65
494 300
662 296
3 51
371 355
212 173
26 97
573 788
454 384
679 641
773 398
654 336
150 17
20 568
333 499
288 110
15 3
671 534
53 692
4 60
609 722
99 396
206 299
355 583
1 7
505 448
29 315
18 259
169 421
172 29
223 80
633 472
106 674
429 278
16 26
571 48
425 48
609 469
154 770
621 627
208 525
50 330
497 611
657 153
717 489
404 245
460 789
248 414
26 40
311 333
41 118
690 489
103 68
446 319
278 261
593 747
52 591
705 756
235 772
689 155
360 391
331 314
272 327
468 405
141 120
791 557
400 8
236 48
50 70
311 74
382 339
46 392
180 712
9 19
122 69
477 244
586 366
145 31
14 140
148 537
76 5
160 6
648 54
632 183
467 331
85 312
577 344
424 369
485 442
252 367
104 136
452 588
58 42
627 653
30 22
94 121
92 304
151 125
209 62
342 16
117 129
135 215
158 348
75 50
418 106
275 390
147 152
93 99
172 295
507 65
363 493
12 7
145 244
606 763
79 179
192 108
682 295
257 101
88 506
266 576
6 112
93 5
513 384
557 702
43 37
22 187
90 380
786 306
47 66
157 777
109 36
18 113
310 300
91 2
325 370
126 19
250 444
126 294
469 693
720 198
353 29
580 464
798 287
461 71
150 697
599 145
578 512
760 19
62 40
608 208
492 170
582 677
457 585
162 316
6 603
129 148
193 111
165 40
156 242
162 410
644 200
553 148
399 543
562 289
226 260
330 564
180 59
39 9
600 766
90 43
519 781
686 267
39 262
32 782
108 232
58 173
248 77
34 527
246 28
748 302
597 503
8 7
566 292
88 198
325 403
6 4
92 300
104 41
280 124
490 178
435 783
749 245
496 245
4 2
121 176
529 70
352 606
106 67
163 148
169 221
196 419
612 345
124 605
107 95
79 14
98 297
737 127
511 376
437 498
187 509
298 359
36 48
133 515
77 233
448 441
437 675
137 6
71 338
393 476
594 412
353 458
375 174
130 343
335 548
699 275
47 436
376 158
547 61
303 84
61 149
301 263
5 9
174 196
124 274
321 286
601 321
134 283
366 236
468 634
98 21
495 452
549 402
159 205
502 138
656 139
352 340
663 544
314 792
43 220
356 383
556 263
440 263
366 764
33 416
125 31
455 411
774 66
285 231
746 446
41 46
111 190
74 469
13 105
222 373
88 613
416 439
403 516
49 35
183 24
26 503
18 631
114 638
138 42
251 104
32 84
536 453
18 736
252 167
23 133
87 487
539 563
288 574
351 103
156 289
163 402
26 50
263 172
29 56
13 14
213 65
17 4
95 399
6 181
489 542
177 133
719 307
57 2
534 96
381 328
46 521
202 143
721 465
146 128
510 215
755 217
69 57
733 436
270 799
395 210
166 73
610 39
249 286
378 9
81 58
284 602
54 48
522 426
382 552
430 341
277 82
74 33
324 281
293 130
211 590
486 401
240 171
449 120
241 21
239 10
4 92
124 85
459 795
485 646
97 385
334 189
542 640
366 481
217 142
145 501
411 209
394 111
5 52
217 314
300 405
65 77
316 683
13 8
1 42
354 217
739 30
35 696
84 678
472 361
372 531
207 161
273 445
614 31
30 530
46 114
200 735
754 597
314 793
202 307
401 242
266 224
33 159
23 11
174 475
191 112
63 478
776 68
750 642
673 210
101 89
126 706
425 561
22 16
153 92
12 73
139 124
302 703
725 79
326 51
271 220
86 27
128 162
207 377
762 366
669 588
384 350
711 427
43 134
157 118
665 161
379 616
567 242
220 230
212 229
119 120
635 344
281 223
495 623
582 159
687 297
60 558
615 58
569 239
463 526
107 127
144 169
341 636
1 20
562 672
255 50
237 159
288 639
751 90
428 229
27 37
54 258
88 40
514 715
130 214
67 296
307 408
641 563
332 285
654 752
471 301
617 797
303 340
110 698
512 104
544 433
365 320
432 389
16 18
189 572
21 19
194 596
25 83
111 282
256 6
19 651
1 10
491 467
695 477
710 775
12 55
34 406
203 250
53 49
78 320
141 368
305 290
107 714
147 35
347 701
95 31
174 389
379 668
309 214
78 102
437 297
188 705
68 26
178 287
417 398
93 210
308 166
199 112
8 329
355 252
62 108
350 104
488 175
710 202
108 142
103 116
27 25
185 3
691 543
174 200
37 67
269 208
451 163
251 372
4 161
2 1
730 235
123 195
160 211
247 435
32 33
550 234
71 51
257 560
617 286
767 719
655 237
581 568
266 734
265 179
142 802
225 345
267 652
14 298
3 111
74 188
398 62
123 76
589 297
768 90
64 62
329 726
225 275
389 517
98 264
796 782
388 305
39 290
227 46
339 318
426 412
273 193
533 476
497 302
520 149
320 489
519 277
11 16
85 52
142 346
723 143
226 61
67 716
420 187
225 38
407 370
759 561
187 447
191 731
8 45
462 183
555 185
294 325
761 618
352 473
642 456
117 53
17 25
139 174
393 35
99 625
200 412
317 584
37 474
452 434
363 297
11 87
175 55
218 254
709 448
99 743
758 287
228 483
184 53
700 232
374 45
765 306
643 593
186 442
48 434
167 47
541 53
119 128
450 61
298 328
43 253
130 76
219 214
341 724
80 28
645 713
252 456
337 64
514 256
742 354
478 670
38 267
191 626
680 557
135 26
38 272
4 684
235 26
156 427
83 206
318 268
70 171
119 94
248 453
69 132
384 707
156 32
62 100
216 116
37 44
784 119
604 304
218 2
197 593
275 744
35 15
17 28
96 69
613 658
31 6
649 582
131 317
75 94
628 342
249 47
470 124
438 575
688 57
11 459
196 708
218 415
557 236
540 272
13 72
3 1
219 361
364 192
36 21
718 550
168 276
195 292
624 548
659 369
128 143
