3423.00783716
3536.09189716
3633.14465716
3704.18176716
3851.25017716
3966.27711716
4065.34552716
4202.40443716
4305.41362716
4418.49768716
4517.56609716
4673.66720716
4770.71996716
4883.80402716
5069.88333716
5172.89252716
5243.92963716
5430.00894716
5558.06752716
5659.11520716
5730.15231716
5859.19490716
5990.23539716
6047.25685716
6144.30961716
6245.35729716
6316.39440716
6413.44716716
6599.52647716
6727.62143716
6858.66192716
6945.69395716
7073.75253716
7201.84749716
7330.89008716
7427.94284716
7542.96978716
7671.02836716
7774.03755716
7875.08523716
8003.14381716
8104.19149716
8175.22860716
8331.32971716
8462.37020716
8559.42296716
8722.48629716
8809.51832716
8908.58673716
8979.62384716
9107.68242716
9293.76173716
9408.78867716
9465.81013716
9602.86904716
9717.89598716
9830.98004716
9928.03280716
10015.0648372
10118.0740272
10246.1689872
10393.2373972
10496.2465872
10624.3415472
10752.4365072
10899.5049172
11030.5454072
11144.5883372
11275.6288272
11388.7128872
11544.8139972
11672.9089572
11773.9566372
11871.0093972
12057.0887072
12128.1258172
12185.1472772
12242.1687372
12356.2116672
12457.2593472
12544.2913772
12643.3597872
12772.4023772
12875.4115672
12972.4643272
13085.5483872
13222.6072972
13321.6757072
13392.7128172
13523.7533072
13670.8217172
13784.8646472
13913.9072372
14076.9705672
14148.0076772
