15546.5706798
1900.53666989
1997.58942989
2028.63162989
2096.65783989
2127.70003989
2193.71059989
2280.74262989
2283.80114989
2367.77465989
2398.82808989
2481.81758989
2499.87576989
2580.88599989
2655.97687989
2683.89518989
2743.00890989
2811.99014989
2840.06166989
2913.03782989
2939.13007989
3067.22503989
3099.11713989
3246.18554989
3253.30434989
3382.34693989
3393.25395989
3496.38986989
3507.29688989
3599.39905989
3608.34456989
3705.39732989
3736.45796989
3852.46573989
3864.51654989
3953.51341989
4020.61765989
4056.52260989
4119.68606989
4157.57028989
4190.72317989
4228.60739989
4287.77593989
4315.63942989
4400.85999989
4429.68235989
4486.70381989
4585.77222989
4586.93930989
4689.94849989
4732.84063989
4846.88356989
4853.01182989
4990.07073989
5032.96287989
5047.09219989
5132.03128989
5148.13987989
5295.09461989
5295.20828989
5458.15794989
5458.27161989
5561.16713989
5572.31454989
5674.25119989
5685.39860989
5731.27265989
5848.46193989
5860.31524989
5977.50452989
5988.37382989
6080.51371989
6144.47493989
6181.56139989
6215.51204989
6238.58285989
6329.55497989
6400.59208989
6401.64618989
6500.71459989
6513.67614989
6631.75508989
6660.74455989
6768.81399989
6788.80313989
6882.85692989
6944.90424989
7013.89741989
7058.94717989
7110.95017989
7189.98766989
7258.01858989
7292.99685989
7355.07134989
7440.06526989
7511.17245989
7553.14932989
7625.21538989
7650.20208989
7707.22354989
7726.26306989
7820.30760989
7839.34712989
7896.36858989
7921.35528989
7993.42134989
8035.39821989
8106.50540989
8191.49932989
8253.57381989
8288.55208989
8356.58300989
8435.62049989
8487.62349989
8532.67325989
8601.66642989
8663.71374989
8757.76753989
8777.75667989
8885.82611989
8914.81558989
9032.89452989
9045.85607989
9144.92448989
9145.97858989
9217.01569989
9307.98781989
9331.05862989
9365.00927989
9402.09573989
9466.05695989
9558.19684989
9569.06614989
9686.25542989
9698.10873989
9815.29801989
9861.17206989
9872.31947989
9974.25612989
9985.40353989
10088.2990599
10088.4127299
10251.3623899
10251.4760599
10398.4307999
10414.5393899
10499.4784799
10513.6077999
10556.4999399
10693.5588499
10699.6871099
10813.7300399
10856.6221799
10959.6313699
10960.7984499
11059.8668599
11116.8883199
11145.7106799
11230.9312499
11258.7947399
11317.9632799
11355.8474999
11389.0003899
11426.8846099
11490.0480699
11525.9530199
11593.0572599
11682.0541299
11694.1049399
11810.1127099
11841.1733499
11938.2261099
11947.1716199
12039.2737899
12050.1808099
12153.3167199
12164.2237399
12293.2663299
12300.3851299
12447.4535399
12479.3456399
12607.4405999
12633.5328499
12706.5090099
12734.5805299
12803.5617699
12862.6754899
12890.5937999
12965.6846799
13046.6949099
13064.7530899
13147.7425899
13178.7960199
13262.7695299
13265.8280499
13352.8600799
13418.8706399
13449.9128399
13517.9390499
13548.9812499
13646.0340099
